0.08446566287183253
0.01459786999632758
0.02414616232096952
0.04250826294528094
0.12578038927653323
0.01652589056188028
0.022309952258538376
0.058575100991553435
0.06573632023503488
0.0008262945280940139
0.009272860815277268
0.041039294895336025
0.031215571061329415
0.07271391847227322
0.07601909658464928
0.01992287917737789
0.0011935365405802423
0.05701432243848696
0.06417554168196841
0.0866691149467499
0.02699228791773779
0.006702166727873669
0.023687109805361733
0.0015607785530664707
0.025982372383400662
0.0003672420124862284
